image_width: 720
image_height: 540
camera_name: cam3_sensor_frame
camera_matrix:
  rows: 3
  cols: 3
  data: [350.5338497638, 0.0, 356.8275359685, 0.0, 350.6918070839, 263.7937926713, 0.0, 0.0, 1.0]
distortion_model: equidistant
distortion_coefficients:
  rows: 1
  cols: 4
  data: [-0.0436458188, 0.0064327701, -0.00639875, 0.0014953437]
rectification_matrix:
  rows: 3
  cols: 3
  data: [1.0, 0.0, 0.0, 0.0, 1.0, 0.0, 0.0, 0.0, 1.0]
projection_matrix:
  rows: 3
  cols: 4
  data: [350.5338497638, 0.0, 356.8275359685, 0.0, 0.0, 350.6918070839, 263.7937926713, 0.0 ,0.0, 0.0, 1.0, 0.0]