image_width: 720
image_height: 540
camera_name: cam5_sensor_frame
camera_matrix:
  rows: 3
  cols: 3
  data: [348.9196491235, 0.0, 359.1405452336, 0.0, 348.7543795941, 282.3393971915, 0.0, 0.0, 1.0]
distortion_model: equidistant
distortion_coefficients:
  rows: 1
  cols: 4
  data: [-0.052838446, 0.0277741374, -0.0285118203, 0.009345589]
rectification_matrix:
  rows: 3
  cols: 3
  data: [1.0, 0.0, 0.0, 0.0, 1.0, 0.0, 0.0, 0.0, 1.0]
projection_matrix:
  rows: 3
  cols: 4
  data: [348.9196491235, 0.0, 359.1405452336, 0.0, 0.0, 348.7543795941, 282.3393971915, 0.0 ,0.0, 0.0, 1.0, 0.0]